
1   14041   14785.3 14722.6 15041.4 16240.3 17165.3 18654.7 19962   20640.3 22019.1 23930.3 25098.3 26858.7 28328.2 29759.6 31194.7 9.54973690011464    9.60138872291603    9.59713900712033    9.61856167827806    9.69525108645145    9.75064518316406    9.83385340404645    9.90158574524653    9.93500075437359    9.99966553750679    10.0829007173888    10.1305553937425    10.1983450697995    10.2516130539193    10.3009070479965    10.3480034875729    0.0532177724972142
2   10911.6 10925.1 11036.2 11342.1 12456   13581.4 14118.1 14742.6 15888.6 17621.4 19159.2 19875.9 21152   22307.3 23545.6 25354.2 9.29758172251987    9.29881817323998    9.30893605768112    9.33627674532227    9.42995771351383    9.5164564885825 9.55521294108659    9.59849654096171    9.67335714992235    9.77686935149836    9.8605382969997 9.89726322151616    9.95948974265141    10.0126692581396    10.0666942454704    10.1406996757692    0.056207863549956
3   7279.7  7515.6  7857.6  8435    8705.4  9447.8  10665.7 11851.4 13146.8 14029   15029.2 15056.7 15927.1 16870.1 18142.2 19351.2 8.89284493155042    8.92473613931937    8.96923649528498    9.04014499498007    9.07169880174969    9.15353718915187    9.27478826400706    9.3802012830448 9.48393366198486    9.54888189471877    9.61775025445085    9.61957835383684    9.67577733987839    9.73329810320472    9.805995995257  9.87050971203892    0.065177652032567
4   7973.4  8033.5  8092.6  8637.1  9398.3  10403.5 11372.3 12006.8 12712.9 13834.1 14888.7 15435.3 16293.8 17072.6 18476.5 19736.8 8.98386628056552    8.99137557748339    8.99870534284484    9.06382215730751    9.14828410083874    9.24989756697464    9.33893585300682    9.39322843494188    9.45037250495521    9.5348918377017 9.60835781494919    9.64441237309334    9.6985399463384 9.74523011819106    9.82425493331898    9.8902401924505 0.0604249274589988
5   6704.1  6834.5  6877.5  7235.8  7719.4  8413    9092.8  9868.3  10370.4 11062.7 12298.6 13483.7 14486   15133.9 16252.8 17377.3 8.81047455851845    8.82973859359271    8.83601049279873    8.88679620655333    8.9514919197912 9.03753340755081    9.11523817054286    9.19708287848426    9.24671087328583    9.31133436824881    9.41724071374418    9.50923682751553    9.58093794475527    9.62469253959421    9.69602048060693    9.76292003577303    0.0634963651503056
6   8591    8752    8663.5  9065.4  9850.3  10875.1 11733.7 12637.5 13333.4 14680.2 16242.2 17062.5 18060.5 18790   20350.9 21769   9.05847042263806    9.07703752466176    9.0668740769509 9.11222024797385    9.19525719055513    9.29423105131691    9.37022032242981    9.44442386332873    9.49802744441546    9.5942549260539 9.69536807252101    9.74463835192732    9.80148251208054    9.84108009240751    9.92088041593702    9.98824221840094    0.061984786384192
7   6688.9  6672.7  6671    6988.3  7425.9  8274.4  8642.4  9064.5  9578.2  10497.3 11344.5 12634.4 13290.8 13641.4 14560.3 15859.4 8.80820471508888    8.80577985460242    8.80552505270952    8.85199260107086    8.91272916844652    9.02092169006359    9.06443560100278    9.11212096446972    9.1672449618706 9.25887336022158    9.33648832396419    9.44417853155585    9.49482734553142    9.52086456542659    9.58605392593401    9.67151766345179    0.0575541965575272
8   6673.4  6844.1  6796.6  7135.2  7356.1  8116.9  8839.7  9318    9833.3  10538   11309.2 11883.2 12623.3 13369.4 14150.3 14981.9 8.80588475416119    8.83114224624374    8.82417776612252    8.872795560352  8.90328517997656    9.00170358686269    9.08700821840424    9.13970329237674    9.19352986382355    9.26274305076923    9.33337183274457    9.38288091691503    9.44329959161162    9.50072379249963    9.55749110426006    9.61459808480927    0.0539142220432054
9   8238.5  8388    8321.6  8666.3  9414.7  10360.4 11132.9 11584.7 12138.8 13030.4 13880.2 14965.6 15835.5 16548.4 17784.6 18836   9.01657356749749    9.03455739202181    9.02660982301881    9.06719721974821    9.15002757653685    9.24574612510674    9.31765996738351    9.35744054097658    9.40416221294034    9.47504036803604    9.53821864317888    9.61350951303469    9.67000953409786    9.71404469939455    9.78608819326655    9.84352521136345    0.0551301095910639
10  6598.3  6820.4  6960    7285.9  7900.2  8893.9  9585.8  10349.2 10931   11991   13011.8 14000.6 15214.1 16059.2 17005.8 17976.5 8.79456731907861    8.827673400144  8.84793475332846    8.89369625252236    8.97464335459035    9.09312092747247    9.16803811574228    9.24466450102014    9.29935806829384    9.39191164737943    9.47361191704782    9.54685546482191    9.62997790842903    9.68403717305954    9.74130974132148    9.7968206283426 0.0668168872842664
11  6867.6  6935.1  6912.9  7245.9  7547.6  8679.4  9405    9921.8  10268.2 10959.4 11578.9 12021.9 12959.4 13732.7 14225.1 15022   8.83456997920306    8.84435075225564    8.84114451034086    8.88819107064215    8.92898491091356    9.06870768084123    9.14899674173513    9.20248963543147    9.23680701979121    9.30195281447792    9.3569397552506 9.394485265481  9.46957667253826    9.52753512910125    9.5627632888468 9.61727107224596    0.0521800728695267
12  11050.9 11611.3 12738.5 14166.4 15126.2 15991.7 18197.9 19331.9 20197.4 21210.2 22798.1 24084   25267.2 25585.7 26593.7 28157.3 9.31026715159299    9.35973404086105    9.45238418279087    9.55862824253782    9.62418361859486    9.67982511662459    9.80906148179218    9.86951186018106    9.9133091622338 9.96223747702865    10.0344324781368    10.0893029985843    10.137262390919 10.149788880646 10.188429624613 10.2455619249933    0.0623529848933547
13  10098.3 10603.6 11527   12766.4 13581.7 14342   15762.9 16839.5 17562.4 18592.8 20158.3 21485.3 22756.5 23373.2 24584   26070   9.2201223718308 9.26894884508295    9.35244738860101    9.45457199855402    9.51647857737207    9.57094757444252    9.66541435663636    9.73148259614412    9.77351553210971    9.8305296879858 9.91137139323289    9.97512425934177    10.0326060978563    10.0593453458442    10.1098511038103    10.1685405069275    0.0632278756731164
14  8966.8  9442.5  10283.4 11369.9 12068   12625.9 13784   14886.4 15644.1 16543.6 17887.6 18896.1 19857.9 20457   21565.7 22770.8 9.10128414669974    9.15297605458661    9.23828622362658    9.33872479163115    9.39831260027895    9.44350553873147    9.53126377820777    9.60820332344424    9.65784912808203    9.71375459906615    9.79186301434524    9.84671083054846    9.89635719182701    9.92608040118876    9.97885936855977    10.0332342923888    0.0621300097126027
15  9134.3  9581.3  10449.1 11526.5 12214.2 12820.3 13976.3 15147   16092.6 17135.1 18653.4 19854.3 21014.7 21505.3 22569.4 23851.1 9.11979183752351    9.16756856113227    9.25427112928212    9.35240401123965    9.41035448830106    9.4587851311369 9.54511831695272    9.62555777152703    9.68611481798234    9.74888427029985    9.83378371408634    9.89617588734074    9.95297747181983    9.97605469536466    10.0243502854972    10.0795856168462    0.0639862519548464
16  11357.3 11700.5 12998.6 14357.7 15309.8 15946.4 17987.1 20009.5 20854.8 21875.7 23714.9 25912.3 28107.2 29321.6 30659.3 32534.3 9.33761598796937    9.36738685491547    9.47259693833675    9.57204166264317    9.63624842520912    9.67698837740856    9.79741011328332    9.90396243975934    9.94533941655869    9.99313171071383    10.0738588215623    10.1624730384316    10.2437810502591    10.2860797247709    10.3306913211149    10.3900501964064    0.0701622805624686
17  7195.3  7561.4  8464    9582.6  10465.3 10781.2 11346.7 12185.1 12938.4 13647   14728.5 15996.1 17260.8 18221.3 19182.8 20230.7 8.88118331407419    8.9308116372141 9.04357715409808    9.16770423289032    9.2558203014544 9.28555915552186    9.33668223173522    9.40796917283729    9.46795491280557    9.52127499623811    9.59753967127745    9.68010022151006    9.75619331350536    9.8103465184333 9.86176932318406    9.91495653163928    0.0689182145043393
18  7080.1  7675.8  8367.8  9209.6  9814.6  10431   11536.3 12289.9 12912.6 13756.6 14990.8 16389   17816.7 18713.4 19600.7 20739.7 8.8650433108818 8.94582780155104    9.03214628544547    9.12800169725299    9.19162635193206    9.25253742067597    9.35325386473444    9.41653306583048    9.46595885783159    9.52927398793157    9.61519195858518    9.70436565706383    9.78789149869072    9.83699512376368    9.88332055886658    9.93980501687659    0.0716507803996522
19  7585.7  8386.8  9162.4  10163.4 10892.1 11410.9 12533.6 13446.8 14153.9 14993.1 16219.5 17616.2 19045.9 20041.2 21032.1 22300   8.93402017493377    9.03441432027108    9.12286343208351    9.22654831082039    9.29579303480182    9.34232431792244    9.43616831707928    9.50649643850734    9.55774548347017    9.61534537425189    9.6939695010537 9.77657421221318    9.85460713429392    9.90554543364557    9.95380512105798    10.0123419574482    0.0718881188342959
20  9604.3  10227.3 11388.8 12707.3 13709.7 14355.8 15782   16665.8 17174.9 18023.9 19428.7 20932.4 22451   23309.1 24156.3 25615.1 9.16996619383787    9.23281589449135    9.34038569531587    9.44993191046024    9.52585889047887    9.57190932071322    9.66662532908098    9.72111399439013    9.7512042946573 9.79945393393868    9.87450663328804    9.94905347680693    10.0190904356082    10.0565991212458    10.0923004946254    10.1509373003282    0.0653980737660223
21  7638.4  8062.6  8861.8  9819.5  10497.5 11029.3 12665.8 13509.6 14081.4 14829.2 16025.5 17278   18526.1 19527.1 20538.1 21728.3 8.94094343614451    8.99499136412789    9.08950518323575    9.19212548355528    9.25889241255835    9.30831064695171    9.44666072664695    9.51115582281793    9.5526100565872 9.60435348897023    9.68193648255017    9.75718929491883    9.82693582761869    9.87955852334174    9.93003697676966    9.98637083733233    0.0696951600791876
22  8352.6  8946.7  9939.4  11130.1 12035   12607.9 13612.1 14553.6 15190   15916.4 17108.1 18465.4 19791.7 20724.3 21711.4 22986.8 9.03032814662258    9.09904002819298    9.20426193565571    9.31740842895519    9.39557435021717    9.44207888059412    9.51871438205282    9.58559366467611    9.62839259558982    9.67510530317372    9.74730731454833    9.82365398965696    9.89301793687794    9.93906220379979    9.98559274720497    10.0426754171167    0.0674898180329402
23  12621.3 13339.8 14227.1 15332.2 16474.4 16806   18361.1 19662.1 20681.2 21597.4 23728.5 25758.3 27183.9 28251.1 29512.3 31394   9.44314114188343    9.49850732685348    9.5629038755152 9.63771047102794    9.70956293989114    9.72949124448816    9.81798957523381    9.88644820386654    9.93698035401816    9.98032821605679    10.0744321363067    10.1565121842518    10.2103801652705    10.2488876738696    10.2925624045813    10.3543720708352    0.0607487285967816
24  14963.3 15781.3 16976.8 18895.9 20590.7 21602.7 23590.9 24240.1 25107.1 26616.7 29307.3 31797.3 33716.1 35469.3 37330.9 39850.1 9.61335581543775    9.66658097376958    9.73960298509684    9.84670024629782    9.93259479652991    9.98057358586041    10.0686163234332    10.0957635655873    10.130905953646 10.1892941173224    10.2855919107309    10.3671366595032    10.4257307470639    10.4764228125856    10.5275766809135    10.5928801936255    0.0653016252125164
25  11882.6 12265.6 13639.6 15298.9 16536.4 17466.5 19396.4 20944.6 22163.7 23598.7 25954.5 28253   30258.1 31956.3 33267.6 35558.2 9.38283042419018    9.41455387518624    9.52073260545425    9.63553620937109    9.71331929071587    9.76804003961077    9.87284276082142    9.94963613556211    10.0062110944327    10.0689469047507    10.1641002839648    10.2489549256266    10.3175191962104    10.3721246234662    10.4123392293501    10.478926069674 0.073073043032255
26  7699.1  7846    8532.2  9468.3  10140.3 10659   11711   12729.5 13456.8 14227.4 15473.7 17343.3 19172.9 20013.1 20532.4 21847   8.94885871789353    8.9677591267695 9.05160252047918    9.15570465580997    9.22427286250634    9.27415988468914    9.36828385004214    9.45167741348236    9.50723983347757    9.56292496181086    9.64689708756202    9.7609615436463 9.86125310263692    9.90414233811725    9.92975940527496    9.99181889132609    0.0695306782288376
27  8357.5  8590.3  9439.1  10539.7 11334.1 11794   12786.1 13818.7 14642.6 15440.7 16639.3 18898.2 21149.6 22049.8 22564.3 24014.4 9.03091461829425    9.05838893869908    9.15261591561145    9.26290435869217    9.33557115970105    9.37534620656045    9.45611392235037    9.53377802632694    9.59169036737548    9.64476215933865    9.71952264618265    9.84682195841706    9.95937627176603    10.0010588105391    10.0241242902865    10.0864089294021    0.0703662874071865
28  8666.9  9196.7  10074.2 11147.5 12156.2 12791.6 12753.5 13811.3 14860.8 15423.5 16280.2 18091.4 19624.2 20385.1 20856.6 22255.5 9.06726645105001    9.12660000303828    9.21773297919568    9.31897053650163    9.40559460668186    9.45654398448142    9.45356102271957    9.53324237665796    9.60648215262346    9.64364759931244    9.69770492449336    9.80319196621848    9.88451877748851    9.92255952080914    9.94542572389918    10.010344448059 0.062871866467263
29  9176.1  9649.6  10551.7 11534.6 12423.7 12972   13635.8 14777   15927.4 16737.8 17908.1 19480   20632.3 21927.9 23002.1 24480.7 9.12435755674459    9.17467174269672    9.26404226336373    9.3531064929368 9.42736121772436    9.47054846742721    9.52045396609244    9.60082719690363    9.67579617552171    9.72542491366255    9.79300840344176    9.87714357719653    9.93461308797505    9.9955150775928 10.0433407950911    10.1056403309887    0.0654188516162725
30  6619.6  6978.5  7657.9  8334.9  8930.7  9196    9543    10413   11188   11978.2 13041.4 14215.8 15094.2 15959.3 16636.5 17557.8 8.79779022414479    8.8505892729487 8.94349307371223    9.02820679751244    9.09725005825642    9.12652388588307    9.16356318041725    9.2508103045299 9.32259705432185    9.39084360996335    9.47588419168095    9.56210930108049    9.62206584305516    9.67779701039281    9.71935435571291    9.77325357460228    0.0650308900304993
31  7847.9  7899.7  8669.5  9414.3  10063.9 10550.1 11348.4 12227.3 13189.9 14033   15276.5 16697.2 17756.9 18866.4 19705.8 20771.4 8.96800125906412    8.97458006305051    9.06756639798473    9.14998508888482    9.21671004248386    9.26389061753228    9.33683204380947    9.41142643570644    9.48720666418148    9.54916697775114    9.63407097889119    9.72299631967689    9.78452945176107    9.84513784114766    9.88866828763778    9.94133231950948    0.0648887373630238
32  10385.3 10786.5 11735.4 12841.4 13621.5 14415.2 15582.3 16279.5 16922.7 17826.2 19147.7 20493   21700.8 22510.4 23456.7 25082.4 9.24814662371194    9.28605063121066    9.37036519377153    9.46042960556806    9.51940470579799    9.5760384844126 9.65389093368968    9.69766192655418    9.73641119489765    9.78842456419465    9.85993788295703    9.92783864339996    9.98510440520845    10.0217327036229    10.0629114473516    10.1299216839484    0.0587850040157644
33  9602.7  9748.4  10632.1 11713.9 12510.5 13167.3 14918.8 15719.5 16217.8 16926.4 18000.2 19222.4 20342.2 21371.7 22537.3 23973.7 9.16979958791256    9.18485844796149    9.27163300591694    9.36853144981971    9.43432357068784    9.4854917623301 9.61037744156875    9.66265725886158    9.69386468345165    9.73662981223251    9.79813814792768    9.86383154465584    9.92045282501215    9.96982289592131    10.0229269933735    10.0847126751324    0.0609942058146558
34  7893.2  8728.4  9459    10192.1 10634.3 11091.8 12124.7 12846.9 13389.8 14064.1 15013.2 16070.6 17047.5 17880.5 18822.7 20033.6 8.97375690829527    9.07433735597697    9.15472194821317    9.22936818938077    9.27183990506375    9.31396137555977    9.40299997323155    9.46085781608289    9.50224850205388    9.55138073025235    9.61668509311136    9.68474679468671    9.74375884439481    9.79146601254233    9.84281886724891    9.90516614291468    0.0620939489746276
35  8601.9  9160.9  9939.1  10841.2 11442.9 12172.7 13432.7 14227.8 14918.7 15777.3 16934.4 18046.1 19088   19991.3 21066.6 22324.9 9.05973838807267    9.12269970611675    9.20423175229177    9.29110896997373    9.34512472931248    9.40695101840041    9.50544731175325    9.56295307618012    9.6103707385943 9.66632747709854    9.73710233504053    9.80068487393331    9.8568151443377 9.90305245789618    9.95544412690487    10.0134579264514    0.0635813025585791
36  9038.6  9309.8  10067.8 11003.8 11644.8 12315   13553   14172.1 14817.3 15603.8 16704.3 17944.1 19096.7 19799.5 20603.7 21979.5 9.10925957413641    9.13882288776324    9.21709749113934    9.30599594667028    9.36261500741784    9.41857331055464    9.51436320401602    9.55903052212756    9.60355069601733    9.65526975331805    9.72342145029121    9.79501664907796    9.85727082423831    9.89341196383852    9.93322595029992    9.99786547974619    0.0592403937073185
37  7578.6  7876.1  8647    9583.1  10274.3 10833.2 12084.3 12584.3 13148.9 13880.8 15013.1 15906.1 16725.5 17304   18048.7 19032.4 8.93308376500798    8.97158813647882    9.06496771896043    9.16775640943489    9.23740091052304    9.29037077188167    9.39966236841488    9.44020528425052    9.48409338391692    9.53826186928746    9.61667843228401    9.67445796243307    9.72468977991579    9.75869296763289    9.80082893900664    9.85389806899607    0.0613876202658722
38  7284.5  7718.4  8536.8  9289.7  9814.9  10148.7 11254.9 11729.1 12347.5 12936.4 13912.9 15099.8 16251.8 16640.9 17151.5 18130.1 8.89350408209405    8.95136236765276    9.05214150930236    9.13666153849852    9.19165691817165    9.22510089744941    9.32855886836133    9.36982821236119    9.42120889241478    9.46780032223838    9.54057174629359    9.62243677768219    9.69595895085419    9.71961879945104    9.74984091232622    9.80532881945349    0.0607883158239623
39  9138.1  9754.5  10965.5 12018.6 12740.2 13106.9 14592.6 15273.5 15984.3 16430.4 17378.8 18325.1 19159   19626.5 20328.6 21507.4 9.12020776537697    9.18548399597732    9.30250925944756    9.39421072875999    9.45251762759006    9.48089408807949    9.58826982988983    9.63387457954522    9.67936226948097    9.70688855644403    9.7630063515565 9.81602698376588    9.86052785809599    9.88463597285077    9.91978404050302    9.97615234094384    0.0570629717044574
40  8546.2  9174.1  10016.6 11092.2 11716.2 12369.2 13425.9 14111.8 14670.8 15525.9 16690.1 18021.9 18994.1 19486.8 20731.3 22176.7 9.05324201869166    9.12413957546832    9.21199899569905    9.31399743758645    9.36872777847451    9.42296479070018    9.50494095623619    9.55476660581054    9.59361440271082    9.65026487613592    9.72257100824968    9.79934296400587    9.85188368360951    9.87749259225904    9.93939991451036    10.006797467148 0.0635703632304236
41  7971.4  8089    8844.6  9727.9  10475.3 10858   12158.4 13145.9 13883.8 14408.6 15781.4 17050.8 18188.7 19499.9 20317.2 21618.8 8.98361541507827    8.99826039301795    9.08756238228129    9.18275332454785    9.25677538399837    9.2926574144654 9.40577556791552    9.48386520191797    9.53847797180734    9.5755805295201 9.66658731036309    9.74395240243203    9.80855580111875    9.87816461633356    9.91922309692219    9.98131858548997    0.0665135446941134
42  9321.5  10049.2 11125.8 12324.8 13573.9 14998.8 16400.7 17313.8 17564.5 18198.6 19384.2 19900.1 20791.9 21776.3 23058   24747.1 9.14007883893552    9.21524830832877    9.31702201456139    9.4193687715987 9.51590411021137    9.61572547688418    9.70507929582823    9.75925915036327    9.77363509859594    9.80909994702923    9.872213580231  9.89848003582559    9.94231876676763    9.98857750143118    10.0457680597929    10.1164635894145    0.0650923166986004
43  3482.8  3826.3  4239.9  4024.7  4594    4284.3  4846.3  5110.3  5939.6  6980.5  7637.8  8419.7  8815.3  8309    8210    8510.3  8.15559184695446    8.2496535577992 8.35229496304222    8.30020565291336    8.43250638324904    8.362712457127  8.48597080618753    8.53901338988935    8.68939707002191    8.8508758264287 8.94086488257748    9.03832947714795    9.08424412715133    9.02509454366498    9.01310820244647    9.04903247359001    0.0595627084423699
44  4413.1  4901.9  5523.6  5044.4  5667.7  5976.6  6201.5  6329.7  7381    8545.1  9251.9  10113.8 10550.5 9954.7  9847.2  10264.1 8.39233266933458    8.49737816404318    8.6167851006112 8.52603399608172    8.64253867068714    8.69560712337917    8.73254647725538    8.75300812065019    8.90666440977005    9.05311329823136    9.13258421481907    9.22165610687451    9.26392853114611    9.20580008043396    9.19494242979609    9.23640764903835    0.0562716653135843
45  4505.8  4999.4  5337.5  5108.5  5790.3  5957.5  5898.5  6330.7  7572.3  9104.3  9882.1  10725.8 11350.5 10290.7 10316.8 10711.8 8.41312073474304    8.51707318421566    8.58251265753688    8.53866109803148    8.66393938269627    8.6924062089729 8.6824533602819 8.75316609354237    8.93225213119572    9.11650210837152    9.19848031876352    9.28040733308896    9.33701707480269    9.23899585372523    9.2415289134322 9.27910121654697    0.0577320321202619
46  5124.8  5784.7  6381.5  5904    6498.5  7176.6  7885.5  8140.3  9099    10834.5 11956.5 13095.7 13460.5 12551   12402.6 13178.7 8.54184677885489    8.66297178002899    8.76115845842275    8.68338536628031    8.77932666002164    8.87858101228347    8.97278090892761    9.00458231335431    9.11591979635669    9.29049076615901    9.38903034253609    9.48003921103049    9.50751474961131    9.43755562266045    9.42566140703325    9.48635716889743    0.0629673593361692
47  5177    5709.9  5975.5  5729.4  6507.6  7177.3  7468.1  8486.4  9381.4  11518.5 12390   13703.6 14232.1 12790.2 12650.8 13371.7 8.5519810169019 8.64995678936185    8.69542305530694    8.65336609218421    8.78072600363502    8.87867854675154    8.91839589503795    9.04622016111143    9.14648428459438    9.35170971743871    9.42464497462319    9.52541385101988    9.56325525574032    9.4564345316672 9.44547573326275    9.50089581234965    0.0632609863631829
48  5047.7  5703.7  5988.3  5920.1  6782.6  7114.3  7340.8  7475.6  8583.3  10120.4 11387.7 12623.5 13238.1 11894.4 12181.2 12794.9 8.52668797297803    8.64887036604058    8.69756284448495    8.68610861962728    8.82211578825042    8.86986212198754    8.901203107495  8.91939966259615    9.05757373392109    9.22230846775204    9.34028910453144    9.44331543520368    9.49085431466152    9.38382298010293    9.40764905857839    9.4568019330104 0.0620075973354912
49  4364.4  4676.3  5177.1  5151.9  5945.5  6366.7  6687.9  7180.4  8526.4  10068.3 11131   12348.7 12762.9 11889.5 11885.8 12581.4 8.38123600178094    8.45026247793345    8.55200033292164    8.54712085765793    8.69038990987763    8.758836560955  8.80805520249964    8.87911037079692    9.05092251154252    9.2171471531891 9.31748928749323    9.42130607335767    9.45429780380352    9.38341093665595    9.38309968926644    9.43997481182075    0.0705825873359874
50  4676.1  5181.6  5683.6  5417.9  6139.8  6829.9  7570    8204.7  9338.7  11087   12561.9 13890.5 14547.3 13099.1 13066.8 13676.5 8.45021970816311    8.55286916786871    8.64534011376392    8.59746356547951    8.72254744732076    8.82906531116922    8.9319483464315 9.01246243978445    9.14192233524007    9.31352852977235    9.4384237024668 9.53896043222074    9.58516068836964    9.48029880453906    9.47782994114002    9.52343431048865    0.0715476401550359
51  4025.4  4208    4703.5  4607    5282.5  5509.5  5721.5  6159.2  6983.7  8067.4  8798.4  9693.8  10073.2 9921.2  9649.5  10005.1 8.3003795637969 8.34474275441755    8.45606219141201    8.43533216493592    8.57215474949021    8.61422915392783    8.65198628775777    8.72570217796384    8.85133414127037    8.9955865284356 9.08232516575355    9.17924178487415    9.21763371080365    9.20242916070485    9.17466137951916    9.21085024197038    0.0606980452115657
52  3484.2  3634.5  3991.1  3763.9  4207.2  4636.3  4799.4  5318.8  6265.5  7516.8  8387.2  9190.1  9570.4  9012.9  8774.2  9094.9  8.15599374160606    8.19822682892469    8.29182216111168    8.23321093287095    8.34455262227513    8.4416719133237 8.47624618908283    8.57900299298255    8.74281367260534    8.92489579446459    9.03446201312909    9.12588209668335    9.16643028085669    9.10641216340998    9.07957087608684    9.11546909583955    0.0639650236155661
53  2589.5  2793    3069.9  2838.1  3641.2  3914    3895.1  4270.1  5114.4  5852    6527.6  7306.8  7683.4  7582.5  7480.7  7704.2  7.85922008586395    7.93487156594518    8.02940026676082    7.95089009318096    8.20006857663113    8.27231514795602    8.26747463191623    8.35939252515219    8.53981536945252    8.67453876214002    8.78379462025678    8.89656070040253    8.94681743650863    8.93359823956274    8.92008164947762    8.94952091368097    0.0726867218544684
54  4749.2  5104.3  5621.3  5404    6156.2  6612    7246    7891.8  9155.6  11021.9 12296.9 13587.1 14235.5 12780.7 12938.8 13637.3 8.46573146179164    8.53783860072677    8.63431823286413    8.59489469908009    8.72521498306001    8.79664145894091    8.88820487145502    8.97357952470279    9.12212099291849    9.30763948163846    9.41710247707465    9.51687609217369    9.56349412378794    9.45569149951448    9.46798582805143    9.52056396458924    0.0703221668531736
55  4097.2  4502.6  4779.3  4625.4  5329    6007.1  6240.9  6700.3  7568.8  8968.1  10118.4 11160.2 11596.8 10280.5 10219.7 10768.7 8.31805909256238    8.41241028668687    8.47204937124696    8.43931813269327    8.58091888229678    8.70069738195648    8.73887968173245    8.80990758049604    8.93178981339024    9.10142911544808    9.2221108275751 9.32010915692167    9.35848447696855    9.23800417595866    9.23207250911942    9.28439905720104    0.064422664309244
56  4965.9  5668.5  6492.7  6476.6  7693    7715.2  7961.7  8605.7  9801.9  11358.4 12966.9 14508.9 15285.1 13305.3 13584.9 14255.4 8.51034982893423    8.64267981145765    8.77843374783719    8.77595096028962    8.94806610345893    8.95094768798685    8.98239782387526    9.06018005339052    9.19033152341786    9.33771283728512    9.47015523563513    9.58251753321817    9.63463377666533    9.49591773107191    9.51671416077336    9.5648910612828 0.0703027488232378
57  3235.9  3420    3760.4  3624.5  4057.8  4391.2  4651.6  5056.6  5738.8  6661.3  7678.9  8473.1  8682.7  7848    7775.7  8128.8  8.08206237535232    8.13739583005665    8.2322806137044 8.19547162674093    8.30839623380895    8.38735781723568    8.44496652541889    8.52844959967194    8.65500540822424    8.80406993968153    8.94623158671677    9.04465171832403    9.06908781919313    8.9680140012452 8.95875876514912    9.00316859017167    0.061407080987957
58  3720    3926.5  4278.2  4317.3  4695.1  5190.2  5927.2  6276.9  6969.2  8244.2  9505.5  10308.9 10624.7 9404.4  9340.8  9680.6  8.22147894726719    8.27550372281493    8.3612876393677 8.37038548584424    8.45427469067006    8.55452751106293    8.68730720510245    8.74463150701331    8.84925571954875    9.01726520178401    9.15962585743168    9.24076287878743    9.27093675809988    9.14893294384682    9.1421471806598 9.1778791618208 0.0637600143035739
59  12594.9 13813.7 15050.2 15966   16893.2 18608.1 19847.8 20692.1 21869.1 23330.7 25021.5 25757.3 26717.3 28225.2 29912.4 31107.2 9.4410472490966 9.5334161323145 9.61914655912527    9.67821674020574    9.73466645307599    9.83135224877668    9.89584844873884    9.93750726389734    9.99282996056066    10.0575253688517    10.1274907342622    10.1564733610604    10.1930665746407    10.2479704749095    10.306028389127 10.3451945826267    0.0602764889020102
60  9238.6  9714.2  10499.5 10504.7 11130.6 12122.3 12805.6 13466   13902.2 15287.4 17199.4 16954.8 17284   16495.5 17364.1 18145   9.13114563800463    9.18134401153459    9.25908291596417    9.25957805504171    9.31745335117238    9.40280201059635    9.45763785423249    9.50792326910523    9.53980237997617    9.63478423868213    9.75262977847216    9.73830625855976    9.75753649705182    9.7108428954191 9.7621601354446 9.80615031964717    0.0450003121095025
61  8452.8  9078    9287.2  9520.4  10297.9 11015.4 11854.8 11989.6 12317   13276.6 14315.8 14622.1 15106.5 14917.1 15621.1 16222.9 9.04225302641005    9.11360918301641    9.13639238702383    9.16119214370945    9.23969526993552    9.30704957269421    9.38048812783843    9.39179488633079    9.41873570094148    9.49375836615427    9.56911910140554    9.59028936183959    9.62288039375631    9.61026348489227    9.65637784344934    9.69417910330338    0.0434617384595551
62  9133.9  9587.8  10077.6 10244.7 10716.2 12451   13699.2 13340.2 14051.2 15141   15314.8 16076.4 16667   18515   19707   20518.3 9.11974804557904    9.16824673592912    9.21807041803809    9.23451577766739    9.27951189417081    9.42955621995241    9.52509271595063    9.49853731186098    9.5504630803674 9.62516157500837    9.63657496008921    9.68510763707094    9.72118599554218    9.82633649334771    9.88872918156058    9.92907244984889    0.0539549602846568
63  8275.8  8828.3  9606.9  9936.2  10674.4 11734.8 12624.5 12773.3 13367.6 14417.1 15100   15492.6 16386.5 16489.1 17058.3 17793   9.02109087230953    9.08571774958128    9.17023686927885    9.20393993279515    9.27560363042821    9.37031406510623    9.44339464939891    9.45511233380994    9.50058914762528    9.57617028104366    9.62245002280302    9.64811776955159    9.70421310408951    9.71045483553174    9.74439216778033    9.78656040050684    0.0510313018798205
64  7680.1  8189.2  8688.9  9251.4  10395   10913.2 11195.6 11729.1 12420.6 13195.5 14479.4 15076.3 16026.3 15888.7 16923.5 17589.8 8.94638784689028    9.01057149197842    9.06980162796874    9.13253017040536    9.24908020029211    9.2977283447114 9.32327612295174    9.36982821236119    9.42711166349936    9.48763114136084    9.58048222861711    9.62087925336654    9.68198640174349    9.67336344372327    9.73645846756047    9.77507446757032    0.0552457747120026
65  8003.8  8538.1  9190.4  9426.5  10019.8 10957.6 11942.7 12355.7 12837.3 13772   14634   14899.4 15462.1 16105.2 16628.2 17355.9 8.98767170788518    9.05229377959413    9.1259147399738 9.15128015084664    9.21231841435981    9.30178855842061    9.38787549203618    9.42187277404155    9.4601102747581 9.53039282445841    9.59110286744398    9.60907622266638    9.64614714732814    9.68689748019176    9.71885532820493    9.7616877852054 0.0516010718213477
66  7731.1  8333.8  8616.6  8809.7  9485    10294.4 10778.5 11150.4 11653.5 12346   13134.4 13630.3 14278.5 15001   16059.9 16747.9 8.95300643417409    9.02807481361429    9.06144585429463    9.08360866613704    9.15746688236911    9.23935533704471    9.28530868821349    9.31923065068425    9.36336184305859    9.42108740295384    9.482990021594  9.52005053471982    9.56651018835947    9.61587214452889    9.68408076083131    9.72602815625902    0.0515347814723287
67  8344.2  8960.4  9192.6  9518.4  10200.2 10796.7 11571.4 11536   12330.6 13286.3 14210.8 14665.8 15415.3 15711.7 16286.8 17010.7 9.02932196571262    9.10057014782966    9.12615409154976    9.16098204643364    9.23016260692327    9.28699581086514    9.35629181546041    9.35322785952473    9.41983925677493    9.49448870812983    9.56175751788787    9.59327353157726    9.64311580169429    9.66216093672561    9.69811024276586    9.74159783680655    0.0474850580729287
68  9083.9  9919.4  10411.1 10796.3 11729   12593.6 13956.4 14479.3 14829.4 15731.6 16556.3 16982.7 18233.3 19050.6 19959.7 20700.3 9.1142588947985 9.20224771457873    9.25062782365386    9.28695876182147    9.3698196865215 9.44094402738819    9.54369346340353    9.58047532222973    9.6043669757835 9.66342670734491    9.71452197302337    9.7399504578252 9.81100487158673    9.85485387612185    9.90147051969238    9.93790347190206    0.0549096384735711
69  8470.4  9048.4  9092.2  9611    10408.2 11245.8 11846.5 12342.3 13271.7 14557.9 15412.1 15426.2 16071.7 15878.5 16953.3 17602.7 9.04433301203278    9.11034322548368    9.11517218209081    9.17066355482328    9.25034923599542    9.32775000459299    9.37978774428653    9.42078766582915    9.49338922763651    9.58588908057919    9.64290819417556    9.64382264153372    9.68481524031757    9.67272127190136    9.73821778412439    9.77580757835118    0.0487649710878933
70  7800.8  8467.6  8902.3  9215.7  9889.3  10662.7 11623.8 11894.9 12438.4 13505.4 14225.8 14421.2 15462.9 16032.6 16972.1 17635.7 8.96198157152091    9.04400239448342    9.09406494930003    9.12866383032251    9.19920864354763    9.2745069489511 9.36080999932095    9.38386501580807    9.4285437406579 9.51084488444785    9.56281249642899    9.57645462512966    9.64619888540414    9.68237942833399    9.73932609836236    9.77768053567313    0.0543799309434815
71  7337.5  8192    8812.9  9086.1  9699.3  10368.5 11240.9 11481.5 12063.4 12805   13480.1 14153.2 15000.5 15171.8 15678.7 16226.8 8.90075346413635    9.01091334727929    9.08397183616135    9.11450105220199    9.17980899693901    9.2465276427379 9.32731419141653    9.34849232335893    9.39793135426291    9.45759099863363    9.50896980283641    9.55769602591358    9.61583881286214    9.62719372054421    9.66005838230406    9.69441947532646    0.0529110674126741
72  7146.5  7749.3  8443.2  8788.4  9361.2  10074.9 11070   11295.1 11636   12803.3 13351.1 13651.9 14537.2 14596.2 15477.5 16156.1 8.87437800534917    8.95535779568742    9.0411166626514 9.08118794908222    9.14432876638227    9.21780246120731    9.31199402570268    9.3321242823379 9.36185901961509    9.45745822917978    9.49935405743769    9.52163398506569    9.58446616032852    9.58851649984668    9.64714263539339    9.69005296631505    0.0543783307310587
73  8017.6  8936.5  9643.8  10402.9 11071.5 11811.7 12541.4 12864   13607.9 13949.9 14702.4 14845.4 15831.6 16112.1 16790.6 17442.1 8.98939440420546    9.09789929263043    9.17407050080315    9.24983989241295    9.31212951787822    9.37684584464084    9.43679045069855    9.46218799141875    9.51840578543024    9.54322761876504    9.59576602474662    9.60544533193421    9.66976322167773    9.6873258214932 9.72857448498997    9.76664210305796    0.0518165132568335
74  7145.2  7944.8  8693.6  9114.9  9853    10429.6 11075.8 11540.6 12014.8 13379.5 14273   14518   15091.5 15566.9 16200.4 16843.1 8.87419608157473    8.98027290558915    9.07034240174864    9.11766571612554    9.19553125632248    9.25240319634857    9.31251782706751    9.35362653177809    9.39389450217268    9.5014789637762 9.56612491962977    9.58314453784479    9.62188695040022    9.6529021441699 9.69279121227367    9.73169635636535    0.0571666849860412
75  6882.9  7462.2  8254    8619    9174.4  9538.2  10403.7 10818.7 11179.4 12063.3 12979.6 13341.5 14289   14651.6 15131.2 15866.1 8.83679535374423    8.91760555588775    9.01845321031253    9.0617243476474 9.12417227568905    9.16306006739488    9.24991679108937    9.28903139730783    9.32182807800598    9.39792306469161    9.47113417314225    9.4986347569264 9.56724528946897    9.59230482349875    9.62451411626125    9.67194003662792    0.0556763121922462
76  8869.1  9683.7  10157.6 10646.8 11458.2 12396   13378.2 13614   14374.1 15310.9 16471.7 16843.4 17410.8 18382.4 18681.4 19412.8 9.09032860454121    9.17819933864377    9.22597747275558    9.273014656504  9.34646090986942    9.42512911890764    9.50138179548438    9.5188539540079 9.57318325500989    9.63632027203172    9.70939903581715    9.73171416765474    9.76484598230964    9.8191489640991 9.8352836554413 9.87368792129761    0.0522239544504265
77  7203.2  7776.2  8466.3  8872.5  9491.8  9854.6  10935   11262.8 11795.4 12735.5 13318   13626.3 14453.5 14900.6 15377.6 15997   8.88228065071241    8.95882306597413    9.04384885631412    9.09071188452065    9.15818354695862    9.19569363022934    9.29972393311087    9.32926053863176    9.37546490394162    9.45214864851955    9.49687178267057    9.51975702782397    9.57869187874425    9.60915675957917    9.64066718406902    9.6801564836416 0.0531917221952789
78  6787.5  7543    8434.8  8714.4  9300.8  9731.1  10855.7 11038.9 11455.2 11905.1 13034.1 13443.5 13804   14064.1 14745.3 15309.6 8.82283796424219    8.92837525985363    9.04012128396986    9.07273210876824    9.13785569694709    9.18308222120532    9.29244556664502    9.30918067718576    9.3461990543598 9.38472215871769    9.47532427910472    9.50625099684127    9.53271368421789    9.55138073025235    9.59867966692236    9.63623536159585    0.0542264931569109
79  8617.3  9488.8  9717.9  10063.5 10620.5 11579   12265.7 12447.3 13406.6 14134   15064.8 15388.1 15896.3 16446.6 17085.4 17764.2 9.06152708953452    9.15786743471507    9.18172482472974    9.21667029567105    9.27054137466694    9.35694839161227    9.41456202803586    9.42925901090382    9.50350240199575    9.5563385212508 9.62011617567143    9.64134976242138    9.67384165672594    9.70787404790074    9.74597957662534    9.78494047507413    0.0482275590359738
80  2848.6  3675.6  4596.4  4540.5  5485.6  5716.9  4532.8  4496.2  4893.5  5449.2  5811.9  6419.8  6672.3  6761.8  7158.2  7564.9  7.95458292450049    8.20947166362673    8.43302866738348    8.42079241712988    8.60988175597016    8.65118197941954    8.41909512907625    8.41098787456991    8.49566307286587    8.60322408789191    8.66766281876101    8.76714224355078    8.80571990705651    8.81904440578221    8.87601383170121    8.93127440736443    0.0651127655242632
81  3599.3  4008.4  4647.3  4499.7  5079.1  5225.7  4737.7  4743.9  5467.6  5969.1  6335.9  6982.1  7388    7591.9  7996.5  8401.7  8.18849466109299    8.29614743818417    8.44404168478043    8.41176600686942    8.53288935952256    8.56134403915153    8.46330706485844    8.46461486119738    8.6065950422785 8.69435144125331    8.75398715054143    8.8511050101061 8.90761234131913    8.93483716844327    8.98675922493092    9.03618934530752    0.0565129789476359
82  3316.1  3886.7  4756.5  4384.9  4604.5  4929.1  4717.6  5334.5  5874.4  6423.2  6856.7  7311.2  7188    7050.4  7269.5  7658.4  8.10654467261592    8.26531574752893    8.46726738264651    8.38592209952914    8.43478936516142    8.50291169459047    8.45905547468629    8.58195043863152    8.6783592061374 8.76767171487047    8.83298155541579    8.89716269795799    8.88016824790345    8.86083963178545    8.89144279237148    8.94355836363214    0.055800912734415
83  3336.8  3992.9  4406.6  4400.9  4744.6  4883.7  4485.7  4388.5  5044.3  5804.9  5991.8  6773.7  6786.7  6892.4  7361.9  7771.9  8.11276754288274    8.29227306292292    8.39085869603009    8.38956434444433    8.46476240822826    8.49365840828257    8.40864983812259    8.38674276203217    8.52601417192202    8.66645766745476    8.69814714680289    8.82080274541739    8.82272009357564    8.83817463426894    8.9040733305813 8.95826994371358    0.056366826722056
84  2606.1  3243.6  3753    3827.8  3933.1  3841.2  3851.4  3669.8  4077.4  4269.6  4387.1  4792.3  5054.8  5103.5  5249    5485.2  7.86561012993398    8.0844391030704 8.23031079913502    8.25004550460397    8.27718319799213    8.25354009676382    8.25619199754579    8.20789244365085    8.31321480936304    8.35927542501974    8.38642369552689    8.47476574217628    8.52809356588453    8.53768185784355    8.5657928612523 8.6098088351257 0.049613247012781
85  2847.5  3652    4317.8  4345.1  4657.6  4646    4213    4366.4  5121    5485.5  5848.8  6417.6  6763.9  6990.8  7358.5  7727.9  7.95419669532134    8.20303024171486    8.37050129226236    8.37680405239438    8.44625557299136    8.44376191333035    8.34593026197902    8.38169414995407    8.54110501146255    8.60986352625754    8.67399179097911    8.76679949501579    8.81935492575779    8.85235027789221    8.90361138660417    8.95259243585004    0.0665597160352469
86  3157.6  3747.7  4448    4360.1  4530    4420.6  3974.7  3925.9  4523.2  5058.6  5381.1  6024.4  6282.3  6441.4  6837.7  7188.1  8.05756752434864    8.22889759746529    8.40020983593042    8.38025027185988    8.41847721847708    8.39403071246534    8.28770455254219    8.27535090329449    8.41697498693933    8.52884504415669    8.59064809322308    8.70357316833769    8.74549143445022    8.77050118677668    8.83020669675949    8.88018215988236    0.0548409757022481
87  4996.1  5455.4  6062.4  5912.6  6535.3  6490.7  5973    5800.1  6720    7349.9  7637.6  8185.5  7821    7770.4  7973.3  8241    8.51641288705796    8.60436122280159    8.70986104026434    8.6848409459764 8.78497353166111    8.7781256621253 8.69500459273231    8.66563043776519    8.81284343351719    8.90244198667215    8.94083869668382    9.0101195752944 8.96456770260161    8.95807692208812    8.98385373878571    9.01687697476338    0.0333642725136948
88  3581.7  4465.3  5080.5  5023.3  5243.7  5323.7  4927.1  4830.7  5442    5797.9  6189.3  6701.3  6807.6  6774.7  7046.5  7313.4  8.18359282701945    8.40409168030322    8.53316496092594    8.52184236723035    8.56478263500915    8.57992382931729    8.50250585866436    8.48274666368187    8.60190191934319    8.6652510620062 8.73057727366201    8.81005681640845    8.82579491412052    8.82095036432469    8.86028631863157    8.89746356088984    0.0475913822580261
89  4106    4359    5105.9  5207.5  5617    5504.8  5099.5  5112.4  5728.4  6379.6  6859.2  7475.8  8054.1  8491.9  8923.8  9482.6  8.32020459757888    8.37999795223839    8.53815201280745    8.55785517313513    8.63355299253243    8.61337571788827    8.53689777469057    8.53942424025756    8.65319153860455    8.7608606784486 8.83334609584371    8.91942641594366    8.99393655752503    9.04686804696483    9.09647714382661    9.15721381924961    0.0558006147780484
90  2480.3  2933.2  3715.4  3330.8  3807.7  3759.6  3569.9  3590.7  4173.7  4145.3  4613.5  5158.8  5438    5618.1  5979.6  6361.8  7.81613479958496    7.98384925621964    8.2202416229573 8.11096779436166    8.24478061129522    8.23206784774615    8.18029286317688    8.18610244854743    8.33655821155149    8.32973044130741    8.43674206701861    8.54845927329024    8.60116662519242    8.63374880743457    8.69610895507536    8.75806663515981    0.06279545570499
91  3148.4  3951.2  4796.2  4929.5  5289.4  5203.3  5287.3  5551.3  6416.1  6848.1  7327.9  7933    8253.3  8595.5  9023.8  9429.2  8.0546496662683 8.28177460922642    8.47557921669577    8.5029928420151 8.57346009686954    8.55704831867094    8.57306299758005    8.62178741354616    8.7665657354598 8.8317265205187 8.89944425997265    8.978786553302  9.01836839935005    9.05899408948155    9.10762081037167    9.15156653639779    0.0731277913419665
92  3044.7  3574.6  4620.6  4484.2  4612.2  5054.5  4600.4  4608.7  5378    6491.9  6828    7459.8  7837.5  8049.4  8637.9  9052.7  8.02115765312288    8.18160856075628    8.43827984577326    8.40831538623037    8.43646024558314    8.52803421459411    8.43389853521843    8.43570110056084    8.59007183682881    8.77831052494222    8.82878708391433    8.91728388318695    8.96667518494118    8.99335283347331    9.06391477669976    9.11081833474012    0.0726440454411493
93  6747.3  7526.3  8304.9  9444.3  10488.1 11342.8 12496   13269.2 14531.2 16096.5 17155.6 18164.5 18263   16008.8 16568.5 16344.7 8.81689770384524    8.92615883217131    9.02460098103571    9.15316666390163    9.25799656010441    9.33633846038385    9.43316387207947    9.49320083914875    9.58405334090363    9.68635713603529    9.75007992990681    9.80722441881542    9.81263243419204    9.68089385002735    9.71525858127771    9.7016589647531 0.0589840840605243
94  7328.8  8287.4  9333.8  10454   11718.1 12682.2 13817.2 14717.5 15735   17804.9 19031.3 20316.8 20949.7 18574.7 18898   18080.3 8.899567070701  9.02249156805631    9.14139749923927    9.25473995927287    9.36888993394782    9.44795471451885    9.53366947187411    9.59679254090242    9.66364280949851    9.78722897929622    9.85384027114666    9.91920340897613    9.94987960543869    9.82955571871529    9.84681137534257    9.80257822672886    0.0602007437351908
95  6519    7239.1  8179.1  9126    10529.4 11282.6 12202.7 12836.9 13809.9 15545.5 17035.8 18849.5 18922.7 16857.5 17133.5 16598.8 8.78247626892454    8.88725216826044    9.00933739909378    9.11888276148735    9.26192662344762    9.33101699494572    9.40941251771099    9.4600791150725 9.5331410052475 9.65152648665876    9.74307229112916    9.84424166732542    9.8481175385554 9.73255094060874    9.74879089035429    9.71708568257502    0.0623072942433655
96  7501.1  8450.8  9403.4  10601.5 11735.8 12744.9 14101.3 14971.8 16243.9 18153.2 19506.2 20738   20709.6 18445   18837.3 18424.4 8.92280495543656    9.04201639042608    9.14882660498731    9.26875077952261    9.37039927809615    9.45288647056523    9.55402227069779    9.61392371066633    9.69547273266806    9.80660213269242    9.8784876427348 9.93972304511822    9.93835263986221    9.82254861003078    9.84359422575828    9.82143115207683    0.059908413109351
97  6744.9  7450    8469.9  9588.5  10945.6 11339   12321.9 13204.1 14513.6 16078.5 17579.1 19133   19572.6 17671.9 18276.9 17491.9 8.81654194273507    8.9159693113736 9.04427398120096    9.16831974271357    9.30069282800673    9.33600338997184    9.41913344597593    9.48828266640699    9.58284141986068    9.68523825479968    9.77446597538943    9.859169871885  9.88188590797837    9.77973108641486    9.81339324638203    9.76949319561731    0.0635300835254833
98  6214.7  7055.4  7915.3  8948    10147.3 10840.3 11951.7 13002   14128.7 15770.3 16954.8 18223.4 18687.7 16984.6 17338.1 17136.1 8.73467273246601    8.86154856005743    8.97655287431318    9.09918532261002    9.22496293923082    9.29102594988744    9.38862880665597    9.47285847076441    9.5559634686152 9.66588370323841    9.73830625855976    9.81046176152776    9.83562083241691    9.74006233012603    9.76066167108988    9.7489426283381 0.0676179930581398
99  6518.5  7202.7  8004.3  8917.1  10068.8 10817.1 12079.3 13033.2 14140.8 16173.9 17297.4 18626.2 18879.4 16949.5 17605.5 17551.7 8.78239956710283    8.88221123470922    8.98773417626059    9.09572606060603    9.21719681277267    9.28888349429496    9.39924852278994    9.47525522707399    9.55681951493642    9.6911541108742 9.758311480174  9.83232447070247    9.84582665953349    9.73799361384843    9.77596663220829    9.77290609029966    0.0660337682131217
100 7523.8  8539.6  9417.9  10421.7 11594.2 12203.4 13317.7 14355.9 15554.3 17165.1 18552.6 19880.1 20369.6 18295.5 18628.3 18300   8.9258266084621 9.05246944727817    9.15036741278153    9.25164544979291    9.35826025205277    9.4094698804195 9.49684925651207    9.57191628651462    9.65209240671193    9.75063353168315    9.82836521993891    9.897474510379  9.92179887230738    9.8144104069514 9.83243720876108    9.81465633882951    0.0592553153578278
101 6291.9  7291.8  8229    9145.1  10117.4 10980.1 11964.6 12540.6 13328.9 14772.5 15875.1 17205.4 17388.1 15604.2 15745.6 15343.6 8.74701837085416    8.89450570810481    9.01541977960571    9.1209734957023 9.22201199283658    9.30383982249017    9.3897075689437 9.43672665993224    9.49768988913758    9.60052262321983    9.67250712295365    9.75297856701683    9.76354134318485    9.65529538777076    9.66431624014472    9.63845372796173    0.0594290238071715
102 5848    6406.5  7296.4  8247.4  8928.8  9510.9  10288.4 10843.2 11792.3 13189.8 14333.7 15580.7 15913.3 14054.9 14195.4 13700.2 8.67385500142962    8.76506837894963    8.89513635481276    9.0176532781429 9.09703728634151    9.16019378828559    9.23877232597042    9.29129343438185    9.37520205508243    9.48719908259413    9.57036868707574    9.65378824781211    9.674910516543  9.55072636840959    9.5606732474463 9.52516571024981    0.0567540472546793
103 6123    6858.1  7609.3  8618.2  9339.8  10057.8 11142.6 11962   12631.1 14147.3 15279.6 16272.9 16677.2 14814.1 15004.6 14539.6 8.71980745147795    8.8331857144272 8.93712646239365    9.06163152514716    9.14204011771739    9.21610373186529    9.31853087942706    9.3894902376045 9.44391730577217    9.55727907214347    9.63427388436739    9.69725642649333    9.72179779611428    9.60333470892172    9.6161120997384 9.58463124039273    0.0576549192609847
104 5924.3  6680.1  7582.3  8906.9  10073.2 10695.3 11993.3 12874.8 13674.1 15081.3 16755.1 18219.4 18606.7 16563.1 16425.5 15744.1 8.68681781556393    8.80688823647852    8.93357186268998    9.09458153624411    9.21763371080365    9.27755967161398    9.39210343951071    9.4630271914307 9.52325881159604    9.6212108447429 9.72645796852125    9.81024223942649    9.83127700989319    9.71493260848751    9.70659028428978    9.66422097089788    0.0651602103555967
105 4863.3  5458.5  6226.4  7104.5  8061.9  8565.7  9361.6  9986.6  10642.1 11940.3 13214.4 14367.8 14656.6 12787.1 12924   12504.1 8.48947249881564    8.60492930572032    8.73655359564518    8.86848366507813    8.99490453973018    9.05552113538131    9.14437149503397    9.20899947337334    9.2725731118421 9.38767451225909    9.48906242305645    9.57274487062327    9.59264602494057    9.45619212922323    9.46684132694439    9.43381186951015    0.062955958046301
106 4266.7  4777.4  5185.2  5970    6914.6  7410.1  8109.8  8636.2  9541.9  10431.4 11286.6 12267.5 12393.5 10814   11124.7 10701.2 8.35859597370908    8.47165174444586    8.55356369272589    8.69450220638665    8.84139039716184    8.91059921347573    9.00082848589292    9.06371795023638    9.16344790603791    9.25257576717494    9.33137146032703    9.41470876796406    9.42492742060727    9.28859686994195    9.31692314037871    9.27811116369442    0.0613010126656892
107 3789.3  4278.3  5010.9  5738.7  6407.6  6772.2  7156.2  7651.6  8294.7  9282.9  10349.2 10990.2 10939.6 9675.9  9723.5  9191.1  8.23993658444804    8.36131101341083    8.51937081866401    8.65498798282672    8.76524006482733    8.82058127618964    8.87573439281268    8.9426700552785 9.02337203560525    9.13592927696229    9.24466450102014    9.30475924559423    9.30014451223623    9.1773935368274 9.18230091494494    9.12599090350782    0.0590702879373188
108 4178.1  4506.4  4961    5903.1  6572.7  6854.7  7573.2  8113.5  8896.5  9794.7  10529.2 11560.1 11550.2 10085.1 10430.4 9846.1  8.33761187672716    8.4132538875805 8.50936261230105    8.68323291563591    8.79067998596228    8.83268982736261    8.93237097837819    9.00128461997959    9.09341321994689    9.18959670203824    9.26190762883259    9.35531479270798    9.35445803181734    9.21881436605556    9.25247989817028    9.19483071667526    0.0571479226632073
109 3987.9  4195.1  4551.8  5349.6  6489    6442.1  6762.3  7249.7  7811    8502.9  9372.9  10124.2 10348.2 9430.7  9676.3  9506    8.29102005554166    8.34167245651945    8.42327803810981    8.58477707073977    8.77786371462117    8.77060985290012    8.81911834785602    8.88871536768223    8.9632882756103 9.04816256076154    9.14557782574686    9.22268387650742    9.24456787052541    9.1517256040496 9.17743487579662    9.15967845717396    0.0579105601088195
110 3317    3957.5  4269.2  5088.8  5368.7  6028.8  6264.1  6767.5  6952.6  8080.1  8371.3  9527    9399.2  8634.7  8482.2  8303.8  8.10681603894705    8.28336779175517    8.35918173503981    8.5347973253646 8.58834107253437    8.70430326494199    8.74259020178331    8.81988702148846    8.84687096932003    8.99715952767618    9.03256446803008    9.16188515170678    9.14837985825336    9.06354424764951    9.04572512910104    9.02446852033721    0.061176832092677
111 3805    4301.5  4847    5719.6  6330.6  6544.9  7219.1  7798    8109.5  8779.4  10035.2 11109.6 11125.1 9922.2  9750.9  9215.4  8.24407127029579    8.3667190780614 8.48611523584538    8.65165415185869    8.7531502973761 8.78644139938847    8.88448557037734    8.96162256954254    9.00079149292774    9.08016334716423    9.21385419127598    9.31556487838517    9.31695909575809    9.20252994988421    9.18511486742411    9.12863127664964    0.0589706670902568
112 4136    4570.5  5220.5  6120.7  6978.2  7197    7895.4  8382.4  8969    9877.5  10865.7 12239.7 12499.2 11115.1 11022   10356.6 8.32748441618826    8.42737788709387    8.56034846173016    8.71943174805055    8.85054628284358    8.8814195515078 8.97403559038415    9.03388954865395    9.101529466118  9.19801472228555    9.29336631767456    9.41244004596203    9.4334199212423 9.31605982320893    9.30764855444318    9.2453792766207 0.0611929906954956
113 8994.5  9400    9702.2  10502.7 11644.8 13738.4 15557.1 16218.3 17727.3 19955   21332.5 22790.7 24819.3 27582.9 30438.1 32248.8 9.10436855840274    9.14846496825809    9.18010794289902    9.2593876459472 9.36261500741784    9.52795011066965    9.65227240504101    9.69389551329864    9.78286110320787    9.90123501748283    9.96798701041074    10.034107836994 10.1193768552988    10.224951294478 10.3234503921563    10.3812361122293    0.085124503588438
114 7034.6  7157    7877.3  8324.2  8498.9  8845    10162.8 10544.3 10840.3 11782   12623.6 13206.1 13890.1 14921.9 15738.2 16745.9 8.85859610936766    8.8758461777386 8.97174048454366    9.02692221413502    9.04769202233928    9.08760760659389    9.22648927371555    9.26334070853784    9.29102594988744    9.37432822208163    9.44332335690558    9.48843412304146    9.53893163514652    9.61058521149446    9.66384615710924    9.72590873117124    0.0578208414535724
115 8207.2  9134.4  10174.1 10491.4 10777.3 11681.8 12103.1 11206.7 11207.9 12035.1 13318.9 13718   14191.2 14919.6 15907.3 16574.4 9.0127670967735 9.11980278520999    9.22760055431023    9.2583111529238 9.28519734926979    9.3657873540976 9.40121689711875    9.32426709271006    9.32437416577861    9.39558265928111    9.49693935810167    9.52646411805927    9.56037733317473    9.61043106374689    9.67453340234207    9.71561461530384    0.0468565012353557
116 7515.2  7589.2  8299.7  8791.6  9052.1  9414.1  10405.2 11114.6 11415.7 12119.5 12998.9 13485.9 14340.6 15411.3 16429.6 17343.8 8.92468291527273    8.93448146298998    9.02397464855314    9.08155199914312    9.11075205397478    9.14996384438183    9.25006096017112    9.31601483834633    9.34274487990458    9.40257100464692    9.47262001747898    9.5093999741699 9.57084995428248    9.64285628556066    9.70683986502588    9.76099037280757    0.0557538305023228
117 8588.3  8910.5  9774.1  10332   10720.1 11149.9 12232.8 13491.6 14066   14804.4 16000   16589.8 17921   19369.9 20692.1 21920   9.05815609085245    9.09498563561315    9.18749130900346    9.24300115421573    9.27987576293949    9.31918580823818    9.41187614769394    9.50982254854372    9.55151581686796    9.60267971286542    9.68034400122192    9.71654332765673    9.79372848854339    9.8714755937651 9.93750726389734    9.99515474106195    0.0624665766806334
118 9829.2  10365   11492.8 12263.1 12992.2 13694.6 14422.8 14652.8 15191.6 15985.9 16872.7 17557.6 18472.5 19694.6 20702.9 22165.7 9.19311282630956    9.24619002486988    9.34947603132054    9.41435003234021    9.47210445637164    9.52475687353057    9.57656556674674    9.59238672246278    9.62849792249831    9.67946236269286    9.73345221015525    9.77324218358865    9.8240384186628 9.88809976547548    9.9380290660592 10.0063013280024    0.0542125667795214
119 9282.3  9304.2  10440   11189.4 11537.8 11849.6 13133   13770.4 14234.2 14727.7 15772.9 16311.2 17066.9 18189.8 19299.8 20544.9 9.13586463989938    9.13822119009816    9.25339986143663    9.32272218056545    9.35338388063991    9.38004939071929    9.48288342558516    9.5302766399573 9.56340279862463    9.59748535334098    9.66604855651936    9.69960726740277    9.74489619414103    9.8086162763995 9.86785001214498    9.93036801394134    0.0529668916027976
120 8279.6  8745.6  9297.8  9793.7  11110.3 11231.5 12420.2 12983.7 14551   15277.5 15588   15887.9 15721.5 16197   17544.5 18652.5 9.02154993703363    9.07630599573375    9.13753309201704    9.18949460079455    9.31562788496938    9.32647760960523    9.4270794584174 9.47145000356705    9.58541499876028    9.63413643676907    9.6542566664586 9.67331309220674    9.66278448127834    9.6925813188864 9.77249578946362    9.83373546434567    0.0541457018208024
121 7750.8  7845.6  8735.6  9316.6  9813.8  10377   11645.5 12242.9 12712.9 13597.2 14582.2 15295.5 16231.4 17260.8 18261   19392   8.95555134282643    8.96770814407811    9.07516190939062    9.13955303425447    9.19154483739186    9.24734709760528    9.36267511827946    9.41270145610786    9.45037250495521    9.51761916817452    9.58755688581203    9.63531394647239    9.69470291680078    9.75619331350536    9.81252291716203    9.87261588886904    0.0611376364028409
122 7255.2  7376.5  7931.8  8679.4  9287.4  9884.9  10975.1 11538.5 12171.8 12893.2 13537.4 13880.2 14600   15498.1 16627.5 17692.9 8.88947373213336    8.90605455035762    8.97863527500007    9.06870768084123    9.13641392180789    9.19876361921566    9.30338434951917    9.35344454894463    9.4068770797284 9.46445531958402    9.51321150439369    9.53821864317888    9.58877680769643    9.64847271474856    9.71881323015858    9.78091870814428    0.0594296650673949
123 1769.1  2229.3  2356.5  2344.2  2485.6  2553.9  3185.4  3195.6  3827.7  4543.6  4728.7  5527.7  6532.1  6367.4  6655.7  7106.6  7.47822622167457    7.70944291383153    7.76493274636379    7.75969947128908    7.81826935807884    7.84537688155812    8.06633314881768    8.06953014260789    8.25001937959581    8.42147492835727    8.46140560227252    8.61752709479977    8.78448376321996    8.7589465019796 8.80322890936988    8.86877920870463    0.0927035324686708
124 1647.7  2100.5  2240.4  2201.8  2315    3001.7  2604.2  2771.3  3194.7  3624.9  4394.1  5035.6  6052.9  5894.6  6310.3  6858.5  7.40713565506339    7.64993069060944    7.71440970033568    7.6970304866363 7.74716496652033    8.00693407382199    7.86488080529463    7.9270718031674 8.06924846568945    8.19558198070137    8.38801801099237    8.5242879638921 8.7082927750217 8.68179195655562    8.74993849798672    8.83324403791846    0.0950738921903384
125 2775.7  3547.5  3859.9  3762.3  3913.6  4331.6  4937.9  5431.6  5966.8  6916.1  7185.3  8494.3  9507.8  9331.6  9555.3  10284.2 7.92865824662254    8.1739984090342 8.25839655538754    8.23278575149811    8.27221294549285    8.37369226775422    8.50469541858626    8.59998902882464    8.69396604927977    8.84160730592363    8.87979255129491    9.04715062929825    9.15986779334088    9.14116176895648    9.16485125335575    9.2383640158824 0.0873137179506576
126 1839.1  2079    2401.2  2273.7  2362.2  2652.5  2315    2445.3  2793.6  3183.5  4990.4  5313.5  5809.7  5806.2  6045.7  6571.1  7.51703160050493    7.63964228785801    7.78372389137769    7.72916373948609    7.76734866717775    7.88325787048814    7.74716496652033    7.80192309376852    7.93508636564528    8.06573649945708    8.51527134585354    8.57800603081275    8.66728421340094    8.66668159111495    8.70710255452512    8.79043652516588    0.0848936616440628
127 1922.9  2450.4  2643.4  2546.3  2430.6  2843.3  2771.6  2911    3948.3  4297.6  5777.3  6752.4  8030.8  7542.7  7514.2  8075    7.56158974215654    7.80400655551857    7.87982124632371    7.84239660406889    7.7958934194367 7.95272062841947    7.92718004975323    7.97625194374562    8.28104038550839    8.36581200632892    8.66169172450046    8.81765327622723    8.99103942837942    8.92833548708869    8.92454984276132    8.99652814809086    0.095662560395621
128 6245.5  7537    8162.2  8472.8  8854.1  9744.5  8923.1  9414.5  10875.8 11672.1 11580.3 12382.5 12271.1 12070.1 12682.7 12456.7 8.73961648340596    8.92757950384347    9.00726901946363    9.04461631152946    9.08863590755855    9.18445830226208    9.09639869883052    9.15000633293648    9.29429541646963    9.36495665767792    9.35706065752716    9.42403946446239    9.41500218323843    9.3984865990614 9.44799413907799    9.43001390975111    0.0460264950896763
129 6327.7  7460.8  8247.2  8556.3  8904.9  9943.7  9409.4  9704.1  11198.3 12039.3 12074.2 12866.6 12562.4 12389.6 13112.9 13110   8.75269209997981    8.91741792605406    9.01762902778217    9.0544231327012 9.09435696601444    9.20469446378936    9.14946446859118    9.18030375559964    9.32351726004828    9.39593157763776    9.39882622373798    9.46239008542424    9.43846350457074    9.42461269000196    9.48135175748236    9.48113057675775    0.048562565118529
130 6545.6  7783    8544.8  8818.8  9418.8  10420.4 9696.7  10158.9 11796.4 12814.7 12699.4 13607.8 13315.5 13182   13933.3 13599.3 8.78654834717513    8.95969714695939    9.05307818977549    9.08464108532283    9.15046297092077    9.2515207022865 9.17954090042265    9.22610544755456    9.37554967916017    9.45834822845782    9.44931002723616    9.51839843673077    9.49668404917648    9.48660754161267    9.54203693749738    9.51777359981125    0.0487483501757411
131 6579.4  7827.5  8582.2  8836.2  9906.2  10675.7 10078.7 10391.9 12292   13363.1 13471.3 14238.7 14191.9 13924.5 14804   14439.6 8.79169883475139    8.96539845320056    9.05744556987093    9.08661219896017    9.20091610272834    9.27572540971745    9.21817956505427    9.24878193551738    9.41670392325038    9.50025245610261    9.50831677551221    9.56371888866376    9.56042665830131    9.5414051575081 9.60265269350605    9.57772971123212    0.0524020584320487
132 8076.1  9650    10223.1 10724.7 11378.1 12453.1 11833.3 12434.2 14782.7 15970.5 16004.3 16771   16479.5 16465.9 17489.3 17002.3 8.99666436172358    9.17471319433303    9.2324051445736 9.28030477137702    9.33944573416281    9.42972486688243    9.37867286989002    9.42820601962834    9.60121285711471    9.67849854942277    9.68061271511511    9.72740648333163    9.70987246319738    9.70904685471956    9.7693445443415 9.74110390800458    0.0496293030854
133 6367.9  7618.9  8345.3  8649.2  9248.5  10025.7 9476.5  9923.9  11673.4 12603.6 12693.9 13507.3 13392.5 13217.4 13990.5 13911.9 8.75902502388333    8.93838728130484    9.02945378512022    9.06522211009974    9.1322166551946 9.2129070751735 9.15657032876635    9.2027012681789 9.3650680281777 9.44173776641673    9.44887684209787    9.51098555901967    9.50245012775511    9.48928942235373    9.54613380683503    9.54049986796918    0.0520983229390567
134 6322    7339    7946.2  8245.7  8816.5  9760.7  9135.8  9556    11349.8 12243.4 12421.3 13004.4 12882.6 12739.1 13556.7 13418.1 8.75179089277556    8.90095787254506    8.98044910595459    9.01744713132926    9.08438024484798    9.18611939814676    9.11995604023761    9.1649245084457 9.33695540160892    9.41274229527099    9.42716801989724    9.47304304071695    9.46363284264072    9.4524312829887 9.51463616904499    9.50435982077057    0.0501712618663339
135 6583.1  7697    8430.2  8663.2  9156.1  10003.9 9366.6  9685.1  11408.5 12070.8 11984.6 12654.2 12469.5 12440.6 13248.3 12906.2 8.79226103799506    8.94858592153432    9.03957577550688    9.06683944831417    9.12217560281273    9.21073029594595    9.14490544919068    9.17834390103302    9.34211397058563    9.39854459192829    9.39137777125938    9.44574445486089    9.43104094163925    9.42872059664132    9.49162452129618    9.46546309504393    0.044880137136591
136 5689.4  6731.9  7573.5  7815.2  8229    8795.6  8442.6  8918.1  10563.3 11251.7 11219.6 11883.5 11473.8 11288.3 12042.5 11951.7 8.64636007340567    8.81461270077375    8.93241059096708    8.96382583433873    9.01541977960571    9.08200687542462    9.04104559702226    9.09583819840107    9.2651410084423 9.32827450732754    9.3254175278173 9.38290616232142    9.34782145429698    9.33152207007531    9.39619733850438    9.38862880665597    0.0494845822166866
137 6493.3  7896.5  8431.3  8814.1  9295.3  10169.1 9419.1  9846.1  11492.4 12358.9 12712   13734.6 13729.7 13597   14532.4 14423.9 8.77852615504501    8.97417490231011    9.03970625025724    9.08410799092414    9.13726417505159    9.22710898955142    9.15049482160476    9.19483071667526    9.34944122631557    9.42213173028748    9.45030170821655    9.52767347542602    9.52731664855972    9.51760445915569    9.58413591842332    9.57664183196949    0.0532077117949652
138 5232.9  6238.8  6822.5  7090.9  7580.4  8317.7  7829.6  8007    9321.6  10004.3 10191.4 11422.1 11248.3 11193.4 11766.1 11702.6 8.5627208966922 8.73854313517767    8.82798125258249    8.86656755082126    8.93332124769266    9.02614105329034    8.96566670211161    8.98807143807263    9.14008956676512    9.21077027955268    9.22929950637733    9.34330535422063    9.32797228510302    9.32307959787183    9.37297779445339    9.36756631832037    0.0536563614418781
